812569734957324861364187592276458319583916247149732658691275483428693175735841926
268194375439875621715263498573412986892657134146389752387546219954721863621938547
562984317348761295917235486159347628834526971276198543793612854681459732425873169
732614985514938672968527134247189563685473219391256748156842397879365421423791856
879634521146529378253178946912743865684215793537986412768392154395461287421857639
587123649421965783639478251714539862352681974896742135163257498948316527275894316
172348659489165237653297841364971528215683974798452316936514782821736495547829163
824759316751346982963812745249561873587234169316987524675498231198623457432175698
498123657236754891175968234782495163513682749964371582347816925659247318821539476
591783426876452931432691875683925147127864593945317682318246759254179368769538214
695712384381946275247538961156489732829375416473261859938654127764123598512897643
765142389824395761391687452517863294938524176246719835673451928152978643489236517
631578249548912376927436185356897412482651937719324658294185763175263894863749521
342561978871492356596837214618725493429183765753649821965374182137258649284916537
192865374586743192473192658219658437648379521357421869924586713861937245735214986