802009030057304800360107000076000310000906000049000650000205083008603170030800906
260090070430000000015060400570400080802050100000300002007006009000021003600008500
002980007308001200000005406150040008000520900070008003093010050600400030020070009
002000900500038600000500004047000063080000010090256000006002000079000401000701850
009034001106000078000070940000000060084205000530980000700002050000061007420800030
007000640001065700000008050000000002000001000090042000060000008940300000000004310
100000050000005007603090000000000500200600000008002300900010082000030400047020060
000009300000006082060800740209000000000004060000000500670090200008000050030105008
008003000200000001070960000000095000003000040904070080000810020600000000020000476
500003426000002900030000000003000100020000093040017000018040700200009000069000004
605010380000000070040008901006000000009300000470200050000004020700000000010097600
000102300004005060000000000510803004930000170000000000070000900002078600409000000
600500240000012370000000100000000010402600030009300008094000000100003000860700000
040000008000002306590007000000000400000183700050600000900004100107000000000910000
000005070000043000070000058009000007008009021350401800920080000000000040705200000
